,P01_QQQ_100,P02_SPY_100,P03_QQQ50_SPY50,P04_QQQ50_H00150,P05_SPY50_H00150,P06_SPY35_QQQ35_H00130,P07_QQQ50_H00130_IEF20,P08_SPY40_QQQ30_H00120_IEF10
P01_QQQ_100,1.0,0.8805329834877795,0.9764376387052566,0.8026281238812226,0.6888918750586835,0.9037275831471293,0.8872562498666876,0.9320060312490751
P02_SPY_100,0.8805329834877795,1.0,0.9620713716416285,0.7192290735216491,0.7423583780879482,0.8857069486284995,0.7782681548537608,0.9244520047849983
P03_QQQ50_SPY50,0.9764376387052566,0.9620713716416285,1.0,0.7894021946357253,0.734472789201475,0.9233845338588931,0.8649889772301901,0.9573001184544966
P04_QQQ50_H00150,0.8026281238812226,0.7192290735216491,0.7894021946357253,1.0,0.9572610779506129,0.9590344662312198,0.9587839154463954,0.9156490828388476
P05_SPY50_H00150,0.6888918750586835,0.7423583780879482,0.734472789201475,0.9572610779506129,1.0,0.9324550872484825,0.8852114616313419,0.8856005377984025
P06_SPY35_QQQ35_H00130,0.9037275831471293,0.8857069486284995,0.9233845338588931,0.9590344662312198,0.9324550872484825,1.0,0.9595864406440199,0.988046780533642
P07_QQQ50_H00130_IEF20,0.8872562498666876,0.7782681548537608,0.8649889772301901,0.9587839154463954,0.8852114616313419,0.9595864406440199,1.0,0.9579798632427086
P08_SPY40_QQQ30_H00120_IEF10,0.9320060312490751,0.9244520047849983,0.9573001184544966,0.9156490828388476,0.8856005377984025,0.988046780533642,0.9579798632427086,1.0
